-17.22222222222222
-24.444444444444443
3.3333333333333335
-23.88888888888889
-68.33333333333333
47.22222222222222
-60.55555555555556
-65.55555555555556
66.66666666666667
-43.333333333333336
15.0
92.77777777777777
-30.555555555555557
18.88888888888889
41.666666666666664
36.666666666666664
41.666666666666664
87.22222222222223
-5.555555555555555
61.666666666666664
-51.666666666666664
-49.44444444444444
88.88888888888889
8.88888888888889
-0.5555555555555556
40.0
-18.88888888888889
17.22222222222222
4.444444444444445
-20.555555555555557
-17.22222222222222
82.77777777777777
88.88888888888889
22.22222222222222
30.0
-68.33333333333333
-70.0
16.11111111111111
75.55555555555556
-27.77777777777778
90.0
6.111111111111111
-68.88888888888889
-32.22222222222222
19.444444444444443
83.88888888888889
1.6666666666666667
-16.666666666666668
91.11111111111111
43.333333333333336
33.333333333333336
33.888888888888886
59.44444444444444
-12.777777777777779
81.66666666666667
91.66666666666667
3.3333333333333335
-68.33333333333333
-43.333333333333336
91.66666666666667
-9.444444444444445
30.555555555555557
62.22222222222222
-2.7777777777777777
-28.88888888888889
6.111111111111111
65.0
20.0
60.0
-29.444444444444443
-3.3333333333333335
16.11111111111111
-67.22222222222223
39.44444444444444
50.55555555555556
31.666666666666668
16.666666666666668
80.0
73.33333333333333
85.55555555555556
6.111111111111111
78.33333333333333
58.333333333333336
23.88888888888889
2.2222222222222223
-0.5555555555555556
-51.111111111111114
1.1111111111111112
-57.22222222222222
-53.888888888888886
-53.888888888888886
62.22222222222222
43.888888888888886
31.666666666666668
-37.22222222222222
80.55555555555556
82.77777777777777
66.66666666666667
87.77777777777777
42.77777777777778
17.77777777777778
-30.555555555555557
-30.555555555555557
6.666666666666667
-66.11111111111111
64.44444444444444
-30.555555555555557
30.555555555555557
-21.666666666666668
48.888888888888886
15.555555555555555
-23.88888888888889
-45.0
56.666666666666664
-50.0
-58.333333333333336
-48.333333333333336
-48.333333333333336
25.555555555555557
48.333333333333336
23.333333333333332
-45.55555555555556
-32.22222222222222
-58.888888888888886
58.333333333333336
-36.666666666666664
72.22222222222223
91.11111111111111
55.55555555555556
-69.44444444444444
-48.333333333333336
-44.44444444444444
-18.88888888888889
-7.222222222222222
13.333333333333334
18.88888888888889
-15.0
74.44444444444444
-33.888888888888886
8.88888888888889
-17.22222222222222
46.666666666666664
-38.888888888888886
58.888888888888886
-73.33333333333333
-47.77777777777778
24.444444444444443
86.11111111111111
-47.77777777777778
30.555555555555557
-63.333333333333336
-38.333333333333336
-24.444444444444443
-69.44444444444444
-51.111111111111114
75.55555555555556
-20.0
43.888888888888886
-43.888888888888886
26.666666666666668
-54.44444444444444
26.666666666666668
-68.33333333333333
-16.666666666666668
38.333333333333336
-57.22222222222222
-56.666666666666664
-67.77777777777777
-35.55555555555556
-1.1111111111111112
-21.666666666666668
91.11111111111111
60.0
82.22222222222223
-43.333333333333336
26.666666666666668
41.666666666666664
29.444444444444443
49.44444444444444
81.66666666666667
37.22222222222222
77.22222222222223
78.88888888888889
46.666666666666664
-2.2222222222222223
35.55555555555556
-8.88888888888889
78.33333333333333
-20.0
-31.11111111111111
14.444444444444445
3.3333333333333335
-71.11111111111111
-50.0
60.0
58.333333333333336
-45.55555555555556
-65.55555555555556
10.0
-24.444444444444443
38.333333333333336
41.666666666666664
34.44444444444444
67.22222222222223
-62.22222222222222
80.55555555555556
-32.77777777777778
-73.33333333333333
-16.11111111111111
-5.555555555555555
-50.0
-26.11111111111111
-64.44444444444444
19.444444444444443
-8.333333333333334
-53.888888888888886
-41.111111111111114
79.44444444444444
65.0
-6.111111111111111
66.11111111111111
42.77777777777778
18.88888888888889
-34.44444444444444
36.666666666666664
91.11111111111111
-62.77777777777778
6.666666666666667
-39.44444444444444
19.444444444444443
-64.44444444444444
-12.777777777777779
0.5555555555555556
-72.77777777777777
-31.666666666666668
-41.111111111111114
38.333333333333336
55.0
90.55555555555556
-2.7777777777777777
-14.444444444444445
50.55555555555556
-46.666666666666664
38.333333333333336
89.44444444444444
29.444444444444443
-37.22222222222222
88.88888888888889
20.555555555555557
28.333333333333332
-50.0
8.88888888888889
-42.22222222222222
9.444444444444445
25.555555555555557
71.66666666666667
33.888888888888886
86.11111111111111
92.22222222222223
-3.888888888888889
37.77777777777778
20.555555555555557
84.44444444444444
52.22222222222222
-60.0
-66.66666666666667
-62.22222222222222
-5.0
74.44444444444444
47.22222222222222
-34.44444444444444
76.66666666666667
-43.888888888888886
-5.555555555555555
-41.111111111111114
72.77777777777777
-3.3333333333333335
-29.444444444444443
42.77777777777778
8.333333333333334
-0.5555555555555556
-38.333333333333336
-51.111111111111114
78.88888888888889
-17.22222222222222
83.88888888888889
-12.777777777777779
-11.666666666666666
-62.22222222222222
-47.77777777777778
-8.333333333333334
-15.555555555555555
-61.111111111111114
-12.222222222222221
-57.22222222222222
-72.77777777777777
-41.111111111111114
35.55555555555556
8.88888888888889
46.666666666666664
55.55555555555556
-66.66666666666667
-27.77777777777778
21.11111111111111
-52.22222222222222
8.333333333333334
-4.444444444444445
38.888888888888886
-65.55555555555556
-18.88888888888889
-39.44444444444444
43.333333333333336
-12.222222222222221
22.22222222222222
38.333333333333336
-71.66666666666667
-23.333333333333332
-52.22222222222222
12.222222222222221
-5.555555555555555
-39.44444444444444
-43.333333333333336
41.111111111111114
60.0
-43.888888888888886
-57.22222222222222
49.44444444444444
-56.666666666666664
5.555555555555555
56.666666666666664
-36.666666666666664
11.666666666666666
-1.6666666666666667
20.555555555555557
78.33333333333333
93.33333333333333
-34.44444444444444
42.77777777777778
-50.0
78.33333333333333
-71.11111111111111
78.33333333333333
-43.333333333333336
-69.44444444444444
-32.22222222222222
81.11111111111111
71.66666666666667
72.77777777777777
76.66666666666667
-11.11111111111111
-31.666666666666668
90.55555555555556
-11.666666666666666
32.77777777777778
-31.666666666666668
-16.666666666666668
-40.55555555555556
-3.888888888888889
-59.44444444444444
78.88888888888889
-12.777777777777779
0.0
87.77777777777777
20.0
21.666666666666668
61.111111111111114
-36.666666666666664
1.1111111111111112
-68.88888888888889
55.0
6.111111111111111
57.77777777777778
38.333333333333336
-28.333333333333332
-30.0
-12.222222222222221
-51.111111111111114
-42.77777777777778
-66.11111111111111
-16.666666666666668
86.11111111111111
-3.3333333333333335
35.0
-62.77777777777778
6.666666666666667
48.888888888888886
-26.666666666666668
-63.333333333333336
31.666666666666668
-63.888888888888886
45.55555555555556
71.66666666666667
65.0
-14.444444444444445
-17.77777777777778
-11.11111111111111
-43.333333333333336
57.22222222222222
18.88888888888889
8.88888888888889
-57.77777777777778
80.0
-38.888888888888886
56.111111111111114
15.555555555555555
32.77777777777778
-13.333333333333334
50.55555555555556
-52.22222222222222
8.333333333333334
61.111111111111114
-37.22222222222222
8.333333333333334
42.22222222222222
18.333333333333332
79.44444444444444
-67.77777777777777
68.33333333333333
-72.22222222222223
-50.55555555555556
41.111111111111114
28.333333333333332
45.0
-20.0
-71.66666666666667
-25.555555555555557
82.77777777777777
48.888888888888886
-37.77777777777778
-6.111111111111111
53.888888888888886
-13.333333333333334
18.88888888888889
-59.44444444444444
-17.22222222222222
-50.55555555555556
-38.333333333333336
76.66666666666667
-38.888888888888886
-31.11111111111111
-10.0
17.77777777777778
21.666666666666668
-36.666666666666664
-52.22222222222222
-65.55555555555556
-11.666666666666666
59.44444444444444
41.111111111111114
-33.888888888888886
30.0
33.333333333333336
-3.888888888888889
-66.66666666666667
73.33333333333333
24.444444444444443
-67.77777777777777
-63.333333333333336
-65.55555555555556
-40.55555555555556
-21.11111111111111
-65.0
-41.111111111111114
43.333333333333336
63.333333333333336
17.77777777777778
-66.11111111111111
75.0
76.66666666666667
21.666666666666668
-73.33333333333333
47.77777777777778
36.111111111111114
12.777777777777779
-52.22222222222222
-35.55555555555556
18.333333333333332
-5.0
12.222222222222221
-70.0
-33.888888888888886
-51.666666666666664
-50.55555555555556
48.333333333333336
-36.666666666666664
26.666666666666668
17.77777777777778
-54.44444444444444
-59.44444444444444
-25.555555555555557
73.88888888888889
-38.888888888888886
-34.44444444444444
87.77777777777777
78.88888888888889
42.22222222222222
-41.666666666666664
28.88888888888889
72.22222222222223
-68.88888888888889
-31.11111111111111
-35.55555555555556
21.11111111111111
22.77777777777778
-56.111111111111114
84.44444444444444
1.1111111111111112
-17.22222222222222
-8.88888888888889
-67.22222222222223
-21.11111111111111
80.55555555555556
-45.55555555555556
36.666666666666664
-68.33333333333333
-48.333333333333336
-63.333333333333336
27.22222222222222
87.22222222222223
-29.444444444444443
-47.77777777777778
-36.111111111111114
23.88888888888889
-13.333333333333334
73.33333333333333
0.0
32.22222222222222
28.88888888888889
47.77777777777778
52.77777777777778
22.22222222222222
37.22222222222222
-20.0
-48.333333333333336
48.333333333333336
33.333333333333336
88.88888888888889
-72.77777777777777
-40.0
-61.666666666666664
51.666666666666664
61.111111111111114
-63.333333333333336
-35.55555555555556
-3.888888888888889
-11.666666666666666
-70.0
-61.111111111111114
2.2222222222222223
36.666666666666664
45.55555555555556
84.44444444444444
-73.33333333333333
92.77777777777777
-47.77777777777778
50.55555555555556
-36.666666666666664
-53.888888888888886
-14.444444444444445
-37.77777777777778
18.333333333333332
-31.666666666666668
63.888888888888886
-56.111111111111114
-45.0
-63.888888888888886
38.888888888888886
57.77777777777778
57.22222222222222
-47.77777777777778
-24.444444444444443
-27.77777777777778
44.44444444444444
20.0
8.333333333333334
-25.0
46.666666666666664
-52.77777777777778
-10.555555555555555
-10.555555555555555
34.44444444444444
60.0
-38.333333333333336
1.6666666666666667
-48.888888888888886
-37.77777777777778
-34.44444444444444
-56.666666666666664
-51.666666666666664
35.0
-50.0
-65.55555555555556
7.777777777777778
87.22222222222223
62.22222222222222
-35.0
-29.444444444444443
-21.666666666666668
12.777777777777779
78.33333333333333
40.0
20.0
-51.111111111111114
-72.77777777777777
85.55555555555556
82.77777777777777
2.7777777777777777
36.111111111111114
-67.77777777777777
30.0
-27.22222222222222
47.22222222222222
36.666666666666664
0.0
31.11111111111111
50.0
-65.0
76.66666666666667
-18.88888888888889
4.444444444444445
78.88888888888889
65.55555555555556
-1.6666666666666667
6.666666666666667
64.44444444444444
-38.333333333333336
1.1111111111111112
48.333333333333336
-48.888888888888886
22.22222222222222
16.666666666666668
-6.666666666666667
-17.77777777777778
76.66666666666667
-35.0
-24.444444444444443
25.0
81.11111111111111
25.555555555555557
73.88888888888889
85.0
19.444444444444443
-25.555555555555557
1.1111111111111112
37.77777777777778
67.77777777777777
31.11111111111111
80.0
75.0
-35.0
13.333333333333334
47.77777777777778
67.77777777777777
38.888888888888886
32.77777777777778
-46.111111111111114
48.333333333333336
-70.0
-36.666666666666664
56.111111111111114
19.444444444444443
13.88888888888889
15.0
0.0
58.888888888888886
20.555555555555557
-51.666666666666664
-46.111111111111114
-54.44444444444444
87.22222222222223
-62.77777777777778
-8.88888888888889
-16.11111111111111
-8.88888888888889
-19.444444444444443
-11.11111111111111
-37.22222222222222
78.88888888888889
10.555555555555555
-10.0
53.888888888888886
-33.333333333333336
-46.111111111111114
71.66666666666667
20.0
68.88888888888889
-38.888888888888886
49.44444444444444
-41.666666666666664
19.444444444444443
60.55555555555556
-19.444444444444443
74.44444444444444
-45.0
-48.333333333333336
66.11111111111111
60.55555555555556
58.888888888888886
38.888888888888886
-48.333333333333336
81.66666666666667
-46.666666666666664
65.0
85.55555555555556
90.0
45.0
-43.888888888888886
83.33333333333333
-65.0
31.11111111111111
-43.333333333333336
-68.88888888888889
-25.0
-28.333333333333332
11.666666666666666
46.666666666666664
-62.22222222222222
62.77777777777778
65.0
-28.333333333333332
10.555555555555555
10.555555555555555
18.333333333333332
-33.333333333333336
8.88888888888889
-18.333333333333332
-6.666666666666667
27.77777777777778
-41.111111111111114
52.77777777777778
-17.22222222222222
10.0
71.66666666666667
8.88888888888889
-67.77777777777777
-41.666666666666664
38.333333333333336
41.111111111111114
-38.333333333333336
-72.22222222222223
-17.22222222222222
81.66666666666667
-14.444444444444445
45.55555555555556
-64.44444444444444
-57.77777777777778
-5.555555555555555
66.11111111111111
37.77777777777778
73.88888888888889
-66.11111111111111
78.33333333333333
52.22222222222222
30.555555555555557
-73.33333333333333
-62.22222222222222
-40.55555555555556
88.88888888888889
58.888888888888886
-9.444444444444445
-55.55555555555556
-28.88888888888889
66.11111111111111
-41.111111111111114
45.0
-45.0
81.66666666666667
24.444444444444443
44.44444444444444
-34.44444444444444
-62.77777777777778
-11.11111111111111
25.555555555555557
-32.22222222222222
-1.6666666666666667
58.888888888888886
-3.3333333333333335
11.11111111111111
7.222222222222222
-63.333333333333336
-63.333333333333336
39.44444444444444
22.77777777777778
5.0
40.0
-71.11111111111111
78.33333333333333
77.22222222222223
45.0
-9.444444444444445
-16.11111111111111
-32.77777777777778
-31.11111111111111
90.0
-58.888888888888886
84.44444444444444
55.55555555555556
-64.44444444444444
55.55555555555556
12.777777777777779
-63.333333333333336
79.44444444444444
28.333333333333332
-43.333333333333336
12.777777777777779
76.66666666666667
-59.44444444444444
68.88888888888889
8.88888888888889
28.333333333333332
83.33333333333333
15.0
60.0
-7.222222222222222
11.666666666666666
43.333333333333336
88.88888888888889
23.333333333333332
85.55555555555556
-1.1111111111111112
-9.444444444444445
13.88888888888889
32.22222222222222
15.0
-5.0
8.88888888888889
42.77777777777778
32.22222222222222
75.55555555555556
11.11111111111111
80.55555555555556
68.33333333333333
20.555555555555557
15.555555555555555
-37.22222222222222
3.888888888888889
-52.77777777777778
3.888888888888889
-38.333333333333336
58.333333333333336
-11.11111111111111
-58.888888888888886
58.333333333333336
2.2222222222222223
76.66666666666667
63.333333333333336
92.22222222222223
89.44444444444444
-32.77777777777778
41.111111111111114
27.77777777777778
81.66666666666667
-13.88888888888889
70.0
6.111111111111111
33.333333333333336
77.77777777777777
46.666666666666664
14.444444444444445
-34.44444444444444
91.11111111111111
17.77777777777778
32.77777777777778
57.77777777777778
-44.44444444444444
-71.66666666666667
52.77777777777778
70.55555555555556
86.11111111111111
92.77777777777777
59.44444444444444
38.888888888888886
22.22222222222222
48.888888888888886
79.44444444444444
-69.44444444444444
41.111111111111114
-43.333333333333336
-22.77777777777778
-31.666666666666668
-6.666666666666667
-26.666666666666668
-33.333333333333336
3.3333333333333335
-36.666666666666664
59.44444444444444
8.333333333333334
-63.333333333333336
76.11111111111111
-58.333333333333336
-30.0
-19.444444444444443
-37.77777777777778
23.333333333333332
-49.44444444444444
82.22222222222223
82.22222222222223
21.666666666666668
78.33333333333333
79.44444444444444
13.88888888888889
-14.444444444444445
-36.111111111111114
-1.6666666666666667
45.0
11.666666666666666
55.55555555555556
-2.2222222222222223
62.77777777777778
76.66666666666667
-36.111111111111114
73.88888888888889
52.22222222222222
67.77777777777777
10.0
-65.55555555555556
-68.33333333333333
-22.22222222222222
86.66666666666667
91.11111111111111
0.5555555555555556
72.77777777777777
-30.0
2.2222222222222223
9.444444444444445
-28.88888888888889
-33.888888888888886
-4.444444444444445
63.333333333333336
67.22222222222223
68.88888888888889
91.11111111111111
51.111111111111114
38.888888888888886
92.77777777777777
-57.22222222222222
-52.77777777777778
21.11111111111111
-57.77777777777778
-13.88888888888889
-30.555555555555557
-13.88888888888889
-70.0
22.77777777777778
-44.44444444444444
-10.0
-27.22222222222222
63.888888888888886
32.22222222222222
13.88888888888889
-57.77777777777778
-73.33333333333333
-2.2222222222222223
5.0
61.111111111111114
-37.77777777777778
58.888888888888886
-12.222222222222221
-36.111111111111114
-18.88888888888889
-37.22222222222222
1.1111111111111112
64.44444444444444
-9.444444444444445
63.888888888888886
-16.666666666666668
25.555555555555557
28.88888888888889
17.22222222222222
63.888888888888886
26.666666666666668
28.88888888888889
42.22222222222222
-43.888888888888886
73.33333333333333
36.111111111111114
72.22222222222223
3.3333333333333335
29.444444444444443
26.666666666666668
1.6666666666666667
-41.111111111111114
-20.555555555555557
-54.44444444444444
41.111111111111114
45.55555555555556
29.444444444444443
-40.55555555555556
63.333333333333336
79.44444444444444
12.777777777777779
-40.0
51.666666666666664
4.444444444444445
75.0
-62.22222222222222
92.77777777777777
-8.88888888888889
-68.88888888888889
-6.666666666666667
