1
-12
38
-11
-91
117
-77
-86
152
-46
59
199
-23
66
107
98
107
189
22
143
-61
-57
192
48
31
104
-2
63
40
-5
1
181
192
72
86
-91
-94
61
168
-18
194
43
-92
-26
67
183
35
2
196
110
92
93
139
9
179
197
38
-91
-46
197
15
87
144
27
-20
43
149
68
140
-21
26
61
-89
103
123
89
62
176
164
186
43
173
137
75
36
31
-60
34
-71
-65
-65
144
111
89
-35
177
181
152
190
109
64
-23
-23
44
-87
148
-23
87
-7
120
60
-11
-49
134
-58
-73
-55
-55
78
119
74
-50
-26
-74
137
-34
162
196
132
-93
-55
-48
-2
19
56
66
5
166
-29
48
1
116
-38
138
-100
-54
76
187
-54
87
-82
-37
-12
-93
-60
168
-4
111
-47
80
-66
80
-91
2
101
-71
-70
-90
-32
30
-7
196
140
180
-46
80
107
85
121
179
99
171
174
116
28
96
16
173
-4
-24
58
38
-96
-58
140
137
-50
-86
50
-12
101
107
94
153
-80
177
-27
-100
3
22
-58
-15
-84
67
17
-65
-42
175
149
21
151
109
66
-30
98
196
-81
44
-39
67
-84
9
33
-99
-25
-42
101
131
195
27
6
123
-52
101
193
85
-35
192
69
83
-58
48
-44
49
78
161
93
187
198
25
100
69
184
126
-76
-88
-80
23
166
117
-30
170
-47
22
-42
163
26
-21
109
47
31
-37
-60
174
1
183
9
11
-80
-54
17
4
-78
10
-71
-99
-42
96
48
116
132
-88
-18
70
-62
47
24
102
-86
-2
-39
110
10
72
101
-97
-10
-62
54
22
-39
-46
106
140
-47
-71
121
-70
42
134
-34
53
29
69
173
200
-30
109
-58
173
-96
173
-46
-93
-26
178
161
163
170
12
-25
195
11
91
-25
2
-41
25
-75
174
9
32
190
68
71
142
-34
34
-92
131
43
136
101
-19
-22
10
-60
-45
-87
2
187
26
95
-81
44
120
-16
-82
89
-83
114
161
149
6
0
12
-46
135
66
48
-72
176
-38
133
60
91
8
123
-62
47
142
-35
47
108
65
175
-90
155
-98
-59
106
83
113
-4
-97
-14
181
120
-36
21
129
8
66
-75
1
-59
-37
170
-38
-24
14
64
71
-34
-62
-86
11
139
106
-29
86
92
25
-88
164
76
-90
-82
-86
-41
-6
-85
-42
110
146
64
-87
167
170
71
-100
118
97
55
-62
-32
65
23
54
-94
-29
-61
-59
119
-34
80
64
-66
-75
-14
165
-38
-30
190
174
108
-43
84
162
-92
-24
-32
70
73
-69
184
34
1
16
-89
-6
177
-50
98
-91
-55
-82
81
189
-21
-54
-33
75
8
164
32
90
84
118
127
72
99
-4
-55
119
92
192
-99
-40
-79
125
142
-82
-32
25
11
-94
-78
36
98
114
184
-100
199
-54
123
-34
-65
6
-36
65
-25
147
-69
-49
-83
102
136
135
-54
-12
-18
112
68
47
-13
116
-63
13
13
94
140
-37
35
-56
-36
-30
-70
-61
95
-58
-86
46
189
144
-31
-21
-7
55
173
104
68
-60
-99
186
181
37
97
-90
86
-17
117
98
32
88
122
-85
170
-2
40
174
150
29
44
148
-37
34
119
-56
72
62
20
0
170
-31
-12
77
178
78
165
185
67
-14
34
100
154
88
176
167
-31
56
118
154
102
91
-51
119
-94
-34
133
67
57
59
32
138
69
-61
-51
-66
189
-81
16
3
16
-3
12
-35
174
51
14
129
-28
-51
161
68
156
-38
121
-43
67
141
-3
166
-49
-55
151
141
138
102
-55
179
-52
149
186
194
113
-47
182
-85
88
-46
-92
-13
-19
53
116
-80
145
149
-19
51
51
65
-28
48
-1
20
82
-42
127
1
50
161
48
-90
-43
101
106
-37
-98
1
179
6
114
-84
-72
22
151
100
165
-87
173
126
87
-100
-80
-41
192
138
15
-68
-20
151
-42
113
-49
179
76
112
-30
-81
12
78
-26
29
138
26
52
45
-82
-82
103
73
41
104
-96
173
171
113
15
3
-27
-24
194
-74
184
132
-84
132
55
-82
175
83
-46
55
170
-75
156
48
83
182
59
140
19
53
110
192
74
186
30
15
57
90
59
23
48
109
90
168
52
177
155
69
60
-35
39
-63
39
-37
137
12
-74
137
36
170
146
198
193
-27
106
82
179
7
158
43
92
172
116
58
-30
196
64
91
136
-48
-97
127
159
187
199
139
102
72
120
175
-93
106
-46
-9
-25
20
-16
-28
38
-34
139
47
-82
169
-73
-22
-3
-36
74
-57
180
180
71
173
175
57
6
-33
29
113
53
132
28
145
170
-33
165
126
154
50
-86
-91
-8
188
196
33
163
-22
36
49
-20
-29
24
146
153
156
196
124
102
199
-71
-63
70
-72
7
-23
7
-94
73
-48
14
-17
147
90
57
-72
-100
28
41
142
-36
138
10
-33
-2
-35
34
148
15
147
2
78
84
63
147
80
84
108
-47
164
97
162
38
85
80
35
-42
-5
-66
106
114
85
-41
146
175
55
-40
125
40
167
-80
199
16
-92
20
